0 00100001001101000000000000000000
4 00000001011000001001100000100001
8 00000001010000001001000000100001
12 10001110010100010000000000000000
16 10101110011100010000000000000000
20 00100010011100110000000000000100
24 00100010010100100000000000000100
28 00100000000100000000000000000001
32 00000010100100001010000000100010
36 00010110100000001111111111111001
40 00100001001101000000000000000000
44 00100000000100000000000000000001
48 00000010100100001010000000100010
52 00000000000000000100000000100001
56 00000000000010000111100010000000
60 00000001011011110111100000100000
64 00000001111000001100100000100001
68 00100001111100100000000000000100
72 00100001000101110000000000000001
76 00001000000000000000000000010100
80 10001110010100000000000000000000
84 10001111001100010000000000000000
88 00000010000100011100000000101010
92 00010111000000000000000000000001
96 00001000000000000000000000011011
100 00000010010000001100100000100001
104 00001000000000000000000000011011
108 00100010111101110000000000000001
112 00100010010100100000000000000100
116 00010110111010011111111111110110
120 00010111001011110000000000000001
124 00001000000000000000000000100101
128 10001111001100000000000000000000
132 10001101111011010000000000000000
136 10101101111100000000000000000000
140 10101111001011010000000000000000
144 00001000000000000000000000100101
148 00100000000100000000000000000001
152 00000010100100001010000000100010
156 00100001000010000000000000000001
160 00010110100000001111111111100101